Time (hrs)                | Relative magnitude        | Relative magnitude error 
0.0                       | 1.4576012725538474        | 0.015162076958394161     
0.06731392061111574       | 1.4414709110190342        | 0.013038202976356206     
0.13461001366666636       | 1.4252554336173313        | 0.012103765686855884     
0.20190384711111342       | 1.444285750099902         | 0.011733324201844574     
0.2692056068888915        | 1.4688335287651206        | 0.012214590290369065     
0.4042190311388909        | 1.5252990186855904        | 0.0124545011847699       
0.4715356631388907        | 1.5551096731038676        | 0.012677598604011575     
0.5388198561666702        | 1.5662044583558652        | 0.015087459017288257     
0.6061299973888907        | 1.5425753548253809        | 0.012642600227572277     
1.2164982088611147        | 1.403767686236284         | 0.012205706314344195     
1.283821809388888         | 1.4059638592305008        | 0.011991429390128129     
1.3511131334722242        | 1.420381677454646         | 0.01335181398701096      
1.4184463324722225        | 1.4344666220484           | 0.013203458876473331     
1.4857814931944455        | 1.4480361462689482        | 0.0111021672537663       
1.5530894800000024        | 1.4824175227138774        | 0.011022052188651505     
1.620408168166671         | 1.5014925637607224        | 0.011114925861471735     
1.6877008150000021        | 1.5274807173486193        | 0.011580671814030209     
1.7549931819722255        | 1.5237104170153684        | 0.012307726489032108     
1.8222827384166678        | 1.5038398932032315        | 0.011211235656454979     
1.8895793760555568        | 1.5031078245838403        | 0.01090423058718049      
1.9569171297777785        | 1.484442879669058         | 0.011444029037498107     
2.115207385305558         | 1.4605940036092253        | 0.014968105884755934     
2.450256251472225         | 1.4944358161934517        | 0.011311652121689518     
2.5175537606666696        | 1.4859297564556382        | 0.011431522431486848     
2.5848729661666665        | 1.4985480921659802        | 0.01143809802486168      
2.652214760277781         | 1.5127125389071265        | 0.011650448622790606     
2.7195499885833376        | 1.4957226088438986        | 0.011666703215887569     
2.7868696446944483        | 1.480541836766034         | 0.01105102365336079      
2.854168044055559         | 1.4892603068943124        | 0.011066385794243022     
2.92146291363889          | 1.4948698367724838        | 0.011347046973464968     