Time (hrs)                | Relative magnitude        | Relative magnitude error 
0.0                       | 1.4804063795820142        | 0.0088282117310695       
0.06731392061111574       | 1.4607011196193724        | 0.007522884578791157     
0.13461001366666636       | 1.4602942600263376        | 0.007534172787236187     
0.20190384711111342       | 1.4628065683279274        | 0.007290179636215839     
0.2692056068888915        | 1.487018455424054         | 0.007717159916974469     
0.4042190311388909        | 1.5335834357335933        | 0.007405025466855982     
0.4715356631388907        | 1.5483471008912044        | 0.007457649070336897     
0.5388198561666702        | 1.5666788752722223        | 0.007482550577384585     
0.6061299973888907        | 1.5539134016988756        | 0.007400071367744964     
1.2164982088611147        | 1.4228166019392763        | 0.00760455052859643      
1.283821809388888         | 1.424507593090377         | 0.0079093612346314       
1.3511131334722242        | 1.4326390472227626        | 0.007057562941243618     
1.4184463324722225        | 1.460170474295543         | 0.006864723952506347     
1.4857814931944455        | 1.4803900986700649        | 0.0068343396403096725    
1.5530894800000024        | 1.4987147514465278        | 0.007059073532473691     
1.620408168166671         | 1.5136147790994663        | 0.007131767713501383     
1.6877008150000021        | 1.530718450691281         | 0.007329873933132609     
1.7549931819722255        | 1.5249907844840678        | 0.0074673997689745164    
1.8222827384166678        | 1.5109336392446853        | 0.006990072997036364     
1.8895793760555568        | 1.5091057551367317        | 0.006925340765892172     
1.9569171297777785        | 1.4951949160988542        | 0.007059668710999904     
2.115207385305558         | 1.48334202245438          | 0.006911129041386837     
2.450256251472225         | 1.492396241017178         | 0.006977035567901712     
2.5175537606666696        | 1.4810813253064383        | 0.006949135513911058     
2.5848729661666665        | 1.4944468383752305        | 0.009607854344085572     
2.652214760277781         | 1.5010085821593169        | 0.009807028150258527     
2.7195499885833376        | 1.4938763838200995        | 0.009527755303319658     
2.7868696446944483        | 1.4801854992933015        | 0.007009549227088343     
2.854168044055559         | 1.4951754775299744        | 0.006971485589884287     
2.92146291363889          | 1.4964123398636477        | 0.007196367889340301     