Time (hrs)                | Relative magnitude        | Relative magnitude error 
0.0                       | 1.6010915399080332        | 0.007061533010968113     
0.06731392061111574       | 1.5478004517721748        | 0.006831142425696479     
0.13461001366666636       | 1.5265132562062194        | 0.006395635297920272     
0.20190384711111342       | 1.583963713722686         | 0.006582745457731356     
0.2692056068888915        | 1.575875453054679         | 0.006238833487147968     
0.4042190311388909        | 1.6041520222061258        | 0.006169239255831018     
0.4715356631388907        | 1.6154762624352665        | 0.006311654233684566     
0.5388198561666702        | 1.6475777575494668        | 0.006991428092843601     
0.6061299973888907        | 1.6334555595754043        | 0.006237662851837186     
1.2164982088611147        | 1.5127245775244926        | 0.005918388515156738     
1.283821809388888         | 1.494566394615461         | 0.00575984041509148      
1.3511131334722242        | 1.5077865661227428        | 0.006031391551378746     
1.4184463324722225        | 1.538528076872499         | 0.005864999196221411     
1.4857814931944455        | 1.541986896161827         | 0.005810855363254352     
1.5530894800000024        | 1.5797622208114932        | 0.0066976301463100045    
1.620408168166671         | 1.576410813357466         | 0.006505699492035187     
1.6877008150000021        | 1.5974582459458997        | 0.006073039940843141     
1.7549931819722255        | 1.5785506907577886        | 0.0060339920129257015    
1.8222827384166678        | 1.568644185311701         | 0.00591242462203487      
1.8895793760555568        | 1.5651212237658836        | 0.006016340606939226     
1.9569171297777785        | 1.541844338029457         | 0.005963927523521953     
2.115207385305558         | 1.5367152616153845        | 0.005800128071391184     
2.450256251472225         | 1.5441197205886388        | 0.005745833543800606     
2.5175537606666696        | 1.5335443206013917        | 0.00604400371504916      
2.5848729661666665        | 1.5360450522558304        | 0.005841886763693269     
2.652214760277781         | 1.5443594421758178        | 0.005849764557769795     
2.7195499885833376        | 1.5487526123316524        | 0.005941471513689683     
2.7868696446944483        | 1.5447414284208136        | 0.006005962768711358     
2.854168044055559         | 1.555568434719258         | 0.009614510405391512     
2.92146291363889          | 1.5577610333318521        | 0.006093887988739309     